,Depot,A,B,C,D,E
Depot,0,29,20,21,16,31
A,29,0,15,29,28,40
B,20,15,0,15,14,25
C,21,29,15,0,4,18
D,16,28,14,4,0,19
E,31,40,25,18,19,0
