,Depot,A,B,C,D,E,F,G,H,I
Depot,0,12,29,22,35,18,40,33,27,15
A,12,0,18,30,25,20,35,28,22,10
B,29,18,0,14,32,24,19,38,16,26
C,22,30,14,0,20,28,25,12,30,34
D,35,25,32,20,0,15,28,18,24,30
E,18,20,24,28,15,0,22,26,20,16
F,40,35,19,25,28,22,0,15,32,38
G,33,28,38,12,18,26,15,0,21,30
H,27,22,16,30,24,20,32,21,0,19
I,15,10,26,34,30,16,38,30,19,0
